0.01000   4.151E-01   
0.01100   4.353E-01   
0.01200   4.547E-01   
0.01300   4.732E-01   
0.01400   4.911E-01   
0.01500   5.084E-01   
0.01600   5.250E-01   
0.01700   5.412E-01   
0.01800   5.569E-01   
0.02000   5.870E-01   
0.02250   6.226E-01   
0.02500   6.563E-01   
0.02750   6.883E-01   
0.03000   7.189E-01   
0.03250   7.483E-01   
0.03500   7.765E-01   
0.03750   8.038E-01   
0.04000   8.301E-01   
0.04500   8.805E-01   
0.05000   9.281E-01   
0.05500   9.734E-01   
0.06000   1.017E+00   
0.06500   1.058E+00   
0.07000   1.098E+00   
0.08000   1.174E+00   
0.09000   1.245E+00   
0.10000   1.313E+00   
0.11000   1.377E+00   
0.12000   1.438E+00   
0.13000   1.497E+00   
0.14000   1.553E+00   
0.15000   1.608E+00   
0.16000   1.660E+00   
0.17000   1.603E+00   
0.18000   1.503E+00   
0.20000   1.390E+00   
0.22500   1.358E+00   
0.25000   1.397E+00   
0.27500   1.470E+00   
0.30000   1.559E+00   
0.32500   1.653E+00   
0.35000   1.747E+00   
0.37500   1.837E+00   
0.40000   1.922E+00   
0.45000   2.073E+00   
0.50000   2.203E+00   
0.55000   2.315E+00   
0.60000   2.415E+00   
0.65000   2.505E+00   
0.70000   2.589E+00   
0.80000   2.750E+00   
0.90000   2.907E+00   
1.00   3.068E+00       
1.10   3.235E+00       
1.20   3.408E+00       
1.30   3.587E+00       
1.40   3.771E+00       
1.50   3.960E+00       
1.60   4.153E+00       
1.70   4.348E+00       
1.80   4.545E+00       
2.00   4.940E+00       
2.25   5.433E+00       
2.50   5.917E+00       
2.75   6.388E+00       
3.00   6.843E+00       
3.25   7.281E+00       
3.50   7.702E+00       
3.75   8.106E+00       
4.00   8.494E+00       
4.50   9.224E+00       
5.00   9.900E+00       
5.50   1.053E+01       
6.00   1.112E+01       
6.50   1.168E+01       
7.00   1.222E+01       
8.00   1.323E+01       
9.00   1.417E+01       
10.00   1.506E+01      
11.00   1.591E+01      
12.00   1.672E+01      
13.00   1.750E+01      
14.00   1.824E+01      
15.00   1.896E+01      
16.00   1.964E+01      
17.00   2.030E+01      
18.00   2.093E+01      
20.00   2.211E+01      
22.50   2.345E+01      
25.00   2.466E+01      
27.50   2.575E+01      
30.00   2.674E+01      
32.50   2.763E+01      
35.00   2.845E+01      
37.50   2.920E+01      
40.00   2.989E+01      
45.00   3.111E+01      
50.00   3.216E+01      
55.00   3.307E+01      
60.00   3.388E+01      
65.00   3.459E+01      
70.00   3.523E+01      
80.00   3.632E+01      
90.00   3.721E+01      
100.00   3.796E+01     
110.00   3.858E+01     
120.00   3.912E+01     
130.00   3.957E+01     
140.00   3.996E+01     
150.00   4.028E+01     
160.00   4.056E+01     
170.00   4.082E+01     
180.00   4.095E+01     
200.00   4.078E+01     
225.00   4.075E+01     
250.00   4.062E+01     
275.00   4.040E+01     
300.00   4.012E+01     
325.00   3.978E+01     
350.00   3.942E+01     
375.00   3.902E+01     
400.00   3.860E+01     
450.00   3.773E+01     
453.60   3.766E+01     